{
  "asset": {
    "version": "2.0",
    "generator": "THREE.GLTFExporter"
  },
  "scenes": [
    {
      "nodes": [
        0
      ]
    }
  ],
  "scene": 0,
  "nodes": [
    {
      "children": [
        97
      ],
      "matrix": [
        0.01,
        0,
        0,
        0,
        0,
        0.01,
        0,
        0,
        0,
        0,
        0.01,
        0,
        0,
        0,
        0,
        1
      ]
    },
    {
      "matrix": [
        0.006925911020450296,
        0.07094588284398762,
        -0.9974561210720119,
        0,
        -0.9952687190714828,
        0.09716057244484343,
        0,
        0,
        0.09691340771196973,
        0.9927368759493511,
        0.07128314342098005,
        0,
        0,
        0,
        0,
        1
      ],
      "name": "Directional Light",
      "extensions": {
        "KHR_lights_punctual": {
          "light": 0
        }
      }
    },
    {
      "matrix": [
        -0.374803057305583,
        -5.697355397162456e-16,
        -0.9271044537884539,
        0,
        -0.927104453788454,
        1.750745594972923e-16,
        0.3748030573055831,
        0,
        -2.1395056508808914e-16,
        1,
        -4.440892098500625e-16,
        0,
        31.34788468161434,
        -2.3165034508632667,
        -37.927953618436334,
        1
      ],
      "name": "Cube 3",
      "mesh": 0
    },
    {
      "matrix": [
        0.9271044537884543,
        3.515342603376647e-17,
        -0.374803057305583,
        0,
        -0.37480305730558255,
        -4.915429990966702e-17,
        -0.9271044537884535,
        0,
        6.383126110982835e-18,
        0.9999999999999999,
        3.885780586188048e-16,
        0,
        20.50944376453873,
        -2.316503450863265,
        37.92795361843632,
        0.9999999999999998
      ],
      "name": "Cube 2",
      "mesh": 1
    },
    {
      "matrix": [
        -0.9698791036668819,
        -3.108915617328118e-17,
        0.24358679001605468,
        0,
        0.24358679001605466,
        5.113898235694397e-17,
        0.9698791036668817,
        0,
        -2.4743777450851864e-18,
        0.9999999999999998,
        3.885780586188047e-16,
        0,
        -18.85320340331177,
        -7.45732469553151,
        -41.38277317479179,
        1.0000000000000002
      ],
      "name": "Cube 6",
      "mesh": 2
    },
    {
      "matrix": [
        -0.0531874720763271,
        2.1769377196906425e-16,
        -0.9985845446501411,
        0,
        -0.9985845446501413,
        -8.316334522954343e-17,
        0.053187472076326965,
        0,
        3.4099894928021497e-18,
        0.9999999999999999,
        2.2204460492503126e-16,
        0,
        39.050921839580255,
        -7.45732469553151,
        20.513802636583275,
        1
      ],
      "name": "Cube 4",
      "mesh": 3
    },
    {
      "matrix": [
        0.260913830033035,
        -1.5698867096509113e-16,
        0.9653620943964457,
        0,
        0.9653620943964457,
        2.5735960315396084e-16,
        -0.2609138300330344,
        0,
        -3.0229953360714106e-17,
        0.9999999999999998,
        4.4408920985006247e-16,
        0,
        -37.60401336613124,
        2.785030107970497,
        8.85940244402432,
        1
      ],
      "name": "Cube 5",
      "mesh": 4
    },
    {
      "matrix": [
        0.9694160032946514,
        -2.5818338160240922e-17,
        0.24542333335733355,
        0,
        0.24542333335733355,
        2.2253504790533095e-16,
        -0.9694160032946509,
        0,
        -5.945745915145964e-20,
        0.9999999999999999,
        3.885780586188047e-16,
        0,
        -30.348421400453308,
        -2.846480878850425,
        26.78656371981643,
        1
      ],
      "name": "Cube",
      "mesh": 5
    },
    {
      "matrix": [
        0.9396926207859084,
        0,
        0.34202014332566866,
        0,
        0,
        1,
        0,
        0,
        -0.34202014332566866,
        0,
        0.9396926207859084,
        0,
        -13.86612173024023,
        -68.44799525640614,
        60.97812757919011,
        1
      ],
      "name": "Stone",
      "children": [
        2,
        3,
        4,
        5,
        6,
        7
      ]
    },
    {
      "matrix": [
        2.220446049250313e-16,
        0,
        -1,
        0,
        0,
        1,
        0,
        0,
        1,
        0,
        2.220446049250313e-16,
        0,
        144.88388987532483,
        0,
        -135.66901983230088,
        1
      ],
      "name": "Cylinder 3",
      "mesh": 6
    },
    {
      "matrix": [
        2.220446049250313e-16,
        0,
        -1,
        0,
        0,
        1,
        0,
        0,
        1,
        0,
        2.220446049250313e-16,
        0,
        -140.81937814293946,
        0,
        151.73988453121385,
        1
      ],
      "name": "Cylinder 5",
      "mesh": 7
    },
    {
      "matrix": [
        2.220446049250313e-16,
        0,
        -1,
        0,
        0,
        1,
        0,
        0,
        1,
        0,
        2.220446049250313e-16,
        0,
        126.90462120293394,
        0,
        -43.77490413093328,
        1
      ],
      "name": "Cylinder 4",
      "mesh": 8
    },
    {
      "matrix": [
        2.220446049250313e-16,
        0,
        -1,
        0,
        0,
        1,
        0,
        0,
        1,
        0,
        2.220446049250313e-16,
        0,
        94.89327751346673,
        0,
        -88.16260039077719,
        1
      ],
      "name": "Cylinder 2",
      "mesh": 9
    },
    {
      "matrix": [
        2.220446049250313e-16,
        0,
        -1,
        0,
        0,
        1,
        0,
        0,
        1,
        0,
        2.220446049250313e-16,
        0,
        87.64195963704151,
        0,
        -146.04374346542716,
        1
      ],
      "name": "Cylinder",
      "mesh": 10
    },
    {
      "matrix": [
        0.9396926207859084,
        0,
        0.34202014332566866,
        0,
        0,
        1,
        0,
        0,
        -0.34202014332566866,
        0,
        0.9396926207859084,
        0,
        79.37810145521263,
        -88.32628937274445,
        242.14719637667687,
        1
      ],
      "name": "lotus",
      "children": [
        9,
        10,
        11,
        12,
        13
      ]
    },
    {
      "matrix": [
        0.9842579022868425,
        -0.12594598802516754,
        -0.12399189443777875,
        0,
        -0.03185202583080654,
        0.5636631408860354,
        -0.8253903997848311,
        0,
        0.17384427007059666,
        0.8163464164843587,
        0.550778265781038,
        0,
        270.5713534257957,
        -85.35775195510729,
        -208.15762404024738,
        1
      ],
      "name": "Rock_03 2",
      "mesh": 11
    },
    {
      "matrix": [
        -0.9831920268735064,
        -0.09570070579059713,
        -0.15548251735660823,
        0,
        0.10557790724702816,
        -0.9928021786706005,
        -0.05654325360507327,
        0,
        -0.148952152699128,
        -0.07200839491400517,
        0.9862190665710152,
        0,
        -156.6160111138759,
        -102.61995396543101,
        -150.43664399294929,
        1.0000000000000002
      ],
      "name": "Rock_03 3",
      "mesh": 12
    },
    {
      "matrix": [
        0.7003814984900956,
        -0.06594382705009472,
        -0.7107159546870713,
        0,
        -0.7137686996308875,
        -0.06470700722713274,
        -0.6973860097843512,
        0,
        -3.031959064958151e-19,
        0.9957230613427083,
        -0.09238823036677889,
        0,
        190.60074659165647,
        -88.84372155617567,
        -237.92066899558233,
        0.9999999999999998
      ],
      "name": "Rock_03",
      "mesh": 13
    },
    {
      "matrix": [
        0.032799738036289126,
        3.108697755808011e-19,
        0.07712676309515137,
        0,
        -3.0663162417697855e-18,
        0.33638413437806775,
        1.91394440952191e-18,
        0,
        -0.07712676309515137,
        -4.634793307168183e-19,
        0.03279973803628915,
        0,
        1.0270192941018692,
        87.21517331313156,
        4.181408517693157,
        1
      ],
      "name": "trunk",
      "mesh": 14
    },
    {
      "matrix": [
        0.5255607240564782,
        0,
        0,
        0,
        0,
        0.5255607240564782,
        0,
        0,
        0,
        0,
        0.5255607240564782,
        0,
        0.6732124358769974,
        237.85646026957127,
        2.145474882839629,
        1
      ],
      "name": "tree",
      "mesh": 15
    },
    {
      "matrix": [
        0.3395218264855003,
        0,
        -0.3640044034982612,
        0,
        0,
        0.4977693004054946,
        0,
        0,
        0.3640044034982612,
        0,
        0.3395218264855003,
        0,
        -286.96195217323987,
        -106.60526275734333,
        321.1967630358157,
        0.9999999999999999
      ],
      "name": "Pine tree_03 5",
      "children": [
        18,
        19
      ]
    },
    {
      "matrix": [
        0.032799738036289126,
        3.108697755808011e-19,
        0.07712676309515137,
        0,
        -3.0663162417697855e-18,
        0.33638413437806775,
        1.91394440952191e-18,
        0,
        -0.07712676309515137,
        -4.634793307168183e-19,
        0.03279973803628915,
        0,
        1.0270192941018692,
        87.21517331313156,
        4.181408517693157,
        1
      ],
      "name": "trunk",
      "mesh": 16
    },
    {
      "matrix": [
        0.5255607240564782,
        0,
        0,
        0,
        0,
        0.5255607240564782,
        0,
        0,
        0,
        0,
        0.5255607240564782,
        0,
        0.6732124358769974,
        237.85646026957127,
        2.145474882839629,
        1
      ],
      "name": "tree",
      "mesh": 17
    },
    {
      "matrix": [
        0.3395218264855003,
        0,
        -0.3640044034982612,
        0,
        0,
        0.4977693004054946,
        0,
        0,
        0.3640044034982612,
        0,
        0.3395218264855003,
        0,
        -70.75738507823694,
        -106.60526275734333,
        -178.0666794497196,
        0.9999999999999999
      ],
      "name": "Pine tree_03 2",
      "children": [
        21,
        22
      ]
    },
    {
      "matrix": [
        0.032799738036289126,
        3.108697755808011e-19,
        0.07712676309515137,
        0,
        -3.0663162417697855e-18,
        0.33638413437806775,
        1.91394440952191e-18,
        0,
        -0.07712676309515137,
        -4.634793307168183e-19,
        0.03279973803628915,
        0,
        1.0270192941018692,
        87.21517331313156,
        4.181408517693157,
        1
      ],
      "name": "trunk",
      "mesh": 18
    },
    {
      "matrix": [
        0.5255607240564782,
        0,
        0,
        0,
        0,
        0.5255607240564782,
        0,
        0,
        0,
        0,
        0.5255607240564782,
        0,
        0.6732124358769974,
        237.85646026957127,
        2.145474882839629,
        1
      ],
      "name": "tree",
      "mesh": 19
    },
    {
      "matrix": [
        0.2141294761264829,
        0,
        0.5796777156515565,
        0,
        0,
        0.6179625284507213,
        0,
        0,
        -0.5796777156515565,
        0,
        0.2141294761264829,
        0,
        -152.8989650347732,
        -110.91715044216683,
        -84.56043457605678,
        0.9999999999999998
      ],
      "name": "Pine tree_03 3",
      "children": [
        24,
        25
      ]
    },
    {
      "matrix": [
        0.032799738036289126,
        3.108697755808011e-19,
        0.07712676309515137,
        0,
        -3.0663162417697855e-18,
        0.33638413437806775,
        1.91394440952191e-18,
        0,
        -0.07712676309515137,
        -4.634793307168183e-19,
        0.03279973803628915,
        0,
        1.0270192941018692,
        87.21517331313156,
        4.181408517693157,
        1
      ],
      "name": "trunk",
      "mesh": 20
    },
    {
      "matrix": [
        0.5255607240564782,
        0,
        0,
        0,
        0,
        0.5255607240564782,
        0,
        0,
        0,
        0,
        0.5255607240564782,
        0,
        0.6732124358769974,
        237.85646026957127,
        2.145474882839629,
        1
      ],
      "name": "tree",
      "mesh": 21
    },
    {
      "matrix": [
        0.6547958036506226,
        0,
        0.365269483172833,
        0,
        0,
        0.7497861960691284,
        0,
        0,
        -0.365269483172833,
        0,
        0.6547958036506226,
        0,
        -94.56250268502698,
        -120.62285160408078,
        -276.06706208262614,
        0.9999999999999999
      ],
      "name": "Pine tree_03 4",
      "children": [
        27,
        28
      ]
    },
    {
      "matrix": [
        0.032799738036289126,
        3.108697755808011e-19,
        0.07712676309515137,
        0,
        -3.0663162417697855e-18,
        0.33638413437806775,
        1.91394440952191e-18,
        0,
        -0.07712676309515137,
        -4.634793307168183e-19,
        0.03279973803628915,
        0,
        1.0270192941018692,
        87.21517331313156,
        4.181408517693157,
        1
      ],
      "name": "trunk",
      "mesh": 22
    },
    {
      "matrix": [
        0.5255607240564782,
        0,
        0,
        0,
        0,
        0.5255607240564782,
        0,
        0,
        0,
        0,
        0.5255607240564782,
        0,
        0.6732124358769974,
        237.85646026957127,
        2.145474882839629,
        1
      ],
      "name": "tree",
      "mesh": 23
    },
    {
      "matrix": [
        0.6207857459021631,
        0,
        0,
        0,
        0,
        0.6207857459021631,
        0,
        0,
        0,
        0,
        0.6207857459021631,
        0,
        10.368489754656098,
        -101.04469379706345,
        -259.82051021249293,
        0.9999999999999999
      ],
      "name": "Pine tree_03",
      "children": [
        30,
        31
      ]
    },
    {
      "matrix": [
        0.8996072721743533,
        0,
        0,
        0,
        0,
        0.8996072721743529,
        0,
        0,
        0,
        0,
        0.8996072721743533,
        0,
        26.046946970686122,
        34.493634587259066,
        -17.25191310904221,
        0.9999999999999996
      ],
      "name": "Cylinder",
      "mesh": 24
    },
    {
      "matrix": [
        0.7245207929891286,
        0,
        -0.5332568468152923,
        0,
        0,
        0.8996072721743652,
        0,
        0,
        0.5332568468152985,
        0,
        0.7245207929891369,
        0,
        4.181760552618821,
        186.74726993956722,
        -10.28109756368903,
        0.9999999999999998
      ],
      "name": "Cube 9",
      "mesh": 25
    },
    {
      "matrix": [
        -0.375717712325776,
        -2.543671642018201e-18,
        0.27587322001139075,
        0,
        3.307466156733319e-17,
        0.46612212227566274,
        3.892539203514442e-18,
        0,
        -0.2758732200113908,
        8.120753151751123e-17,
        -0.37571771232577583,
        0,
        -166.3289209966478,
        -107.91452604739143,
        261.60877551128226,
        1.0000000000000002
      ],
      "name": "Tree olivine_03",
      "children": [
        33,
        34
      ]
    },
    {
      "matrix": [
        0.3804778665527856,
        0.6062273346656674,
        -0.9570672260791526,
        0,
        -0.2239547189113285,
        1.029922852533781,
        0.5633434699835955,
        0,
        1.1105555098274138,
        -3.3170556659316994e-17,
        0.44149645871650584,
        0,
        -31.245305364542023,
        160.66460830712745,
        4.231543483143099,
        0.9999999999999996
      ],
      "name": "branch",
      "mesh": 26
    },
    {
      "matrix": [
        1,
        0,
        0,
        0,
        0,
        1,
        0,
        0,
        0,
        0,
        1,
        0,
        16.536935851077686,
        78.42987206392306,
        -25.035422673646416,
        1
      ],
      "name": "trunk",
      "mesh": 27
    },
    {
      "matrix": [
        0.49238131291616294,
        0.005202327721825528,
        0.06863034851887222,
        0,
        -6.8798619383577656e-18,
        0.49574629859117586,
        -0.037578633473558366,
        0,
        -0.06882723989487842,
        0.03721679029705237,
        0.4909727770752972,
        0,
        286.20946969740044,
        -96.32341071889756,
        -254.09196911774177,
        1.0000000000000002
      ],
      "name": "Tree olivine_04",
      "children": [
        36,
        37
      ]
    },
    {
      "matrix": [
        0.4298368517876714,
        0.23255319401986949,
        -0.5363734073876432,
        0,
        0.007942492113903493,
        0.6633638991983393,
        0.2939768586395988,
        0,
        0.5845633729720792,
        -0.1800124677563838,
        0.39040788130873194,
        0,
        -117.26970749109337,
        -90.01143512552997,
        13.87339226194904,
        1
      ],
      "name": "branch 3",
      "mesh": 28
    },
    {
      "matrix": [
        0.6698344214690289,
        0.06764174028733475,
        -0.27070940534521903,
        0,
        -0.1416969453038312,
        0.6889172812238713,
        -0.1784715514553581,
        0,
        0.240376710317419,
        0.21761138287833234,
        0.6491544211780162,
        0,
        109.44757735370281,
        -93.31990127210736,
        -233.88393985956884,
        0.9999999999999998
      ],
      "name": "branch",
      "mesh": 29
    },
    {
      "matrix": [
        -0.02981036747408596,
        0.7249238368721329,
        0.011572038794243357,
        0,
        -0.675792187984341,
        -0.03197764986354555,
        0.2623346868501219,
        0,
        0.2625897941783095,
        -2.0140244720639517e-16,
        0.6764493619995535,
        0,
        229.48371702715076,
        -88.5646160372219,
        -187.3508305960632,
        1
      ],
      "name": "Sphere",
      "mesh": 30
    },
    {
      "matrix": [
        0.11827604049948659,
        0.32048507110044433,
        -0.939840463826445,
        0,
        0.22122247638876277,
        0.9141918144623862,
        0.3395790663606837,
        0,
        0.9680244801574945,
        -0.24807790222370363,
        0.03722848699718345,
        0,
        22.217779692795823,
        6.445175781221888,
        46.35666704888398,
        1
      ],
      "name": "branch 3",
      "mesh": 31
    },
    {
      "matrix": [
        -0.013730316677740828,
        0.0932181045145829,
        -0.9955510350527679,
        0,
        -0.29995061509465565,
        0.9494073164030296,
        0.09303427360244859,
        0,
        0.9538559151718181,
        0.29989353536064384,
        0.01492516467672933,
        0,
        -34.00567366866864,
        48.232123624681016,
        -16.985495248421927,
        1
      ],
      "name": "branch",
      "mesh": 32
    },
    {
      "matrix": [
        2.1073424450621673e-8,
        0.9990284948850123,
        0.04406888253389398,
        0,
        7.42680855030953e-17,
        -0.0440688825338937,
        0.9990284948850126,
        0,
        0.9999999999999996,
        -2.105295143772778e-8,
        -9.286819993570286e-10,
        0,
        23.770970394033668,
        24.870036619970207,
        -75.3874346291679,
        1
      ],
      "name": "Sphere",
      "mesh": 33
    },
    {
      "matrix": [
        -0.8020594681229853,
        1.389064731044956e-16,
        -0.2835513835186066,
        0,
        9.822395603625821e-17,
        0.8507060464701964,
        1.3890647310448697e-16,
        0,
        0.2835513835186066,
        9.822395603626421e-17,
        -0.8020594681229853,
        0,
        -24.278939367388993,
        17.25136473318888,
        -10.475065650069904,
        0.9999999999999998
      ],
      "name": "trunk",
      "mesh": 34
    },
    {
      "matrix": [
        2.220446049250313e-16,
        0,
        -1,
        0,
        0,
        1,
        0,
        0,
        1,
        0,
        2.220446049250313e-16,
        0,
        16.743762453840134,
        -121.35750092221215,
        -0.2226215085753438,
        1
      ],
      "name": "Tree olivine_01",
      "children": [
        45
      ]
    },
    {
      "matrix": [
        0.4939886500450598,
        0,
        0.6345585763878855,
        0,
        0,
        0.8041699902637257,
        0,
        0,
        -0.6345585763878855,
        0,
        0.4939886500450598,
        0,
        138.8058457914069,
        -13.554945650694142,
        -292.38526967633345,
        1
      ],
      "name": "Group 5",
      "children": [
        42,
        43,
        44,
        46
      ]
    },
    {
      "matrix": [
        1,
        0,
        0,
        0,
        0,
        1,
        0,
        0,
        0,
        0,
        1,
        0,
        12.294422663359882,
        9.646376920717145,
        8.828468072726906,
        1
      ],
      "name": "tress",
      "children": [
        15,
        16,
        17,
        20,
        23,
        26,
        29,
        32,
        35,
        38,
        39,
        40,
        41,
        47
      ]
    },
    {
      "matrix": [
        2.220446049250313e-16,
        1.2246467991473396e-16,
        -1,
        0,
        -7.888609052210118e-31,
        1,
        1.2246467991473515e-16,
        0,
        1,
        -2.4651903288156312e-32,
        2.220446049250313e-16,
        0,
        86.17662833955154,
        -60.94089246102972,
        51.896979205224156,
        1
      ],
      "name": "river-dark",
      "mesh": 35
    },
    {
      "matrix": [
        2.220446049250313e-16,
        1.2246467991473396e-16,
        -1,
        0,
        -7.888609052210118e-31,
        1,
        1.2246467991473515e-16,
        0,
        1,
        -2.4651903288156312e-32,
        2.220446049250313e-16,
        0,
        88.19672725067898,
        -60.940892461029655,
        52.443920991836045,
        1
      ],
      "name": "river-light",
      "mesh": 36
    },
    {
      "matrix": [
        2.5115715789845053e-16,
        5.551115123125783e-17,
        -0.9999999999999998,
        0,
        -0.9999999999999998,
        2.377923208388437e-16,
        -1.0662980972939776e-16,
        0,
        6.132933408308317e-17,
        0.9999999999999998,
        2.220446049250313e-16,
        0,
        212.44176314236412,
        -60.828282970226546,
        -76.70228292459848,
        0.9999999999999996
      ],
      "name": "Shape 14",
      "mesh": 37
    },
    {
      "matrix": [
        2.220446049250313e-16,
        1,
        1.232595164407971e-32,
        0,
        -1,
        2.220446049250313e-16,
        -1.8730894844896937e-16,
        0,
        -1.8730894844896306e-16,
        1.232595164407831e-32,
        1,
        0,
        350.59152346276755,
        -133.32263039419396,
        275.8398314496461,
        1
      ],
      "name": "Shape 13",
      "mesh": 38
    },
    {
      "matrix": [
        2.220446049250313e-16,
        0,
        -1,
        0,
        0,
        1,
        0,
        0,
        1,
        0,
        2.220446049250313e-16,
        0,
        351.9360351398908,
        -133.48691368467095,
        275.07533290181726,
        1
      ],
      "name": "Shape 12",
      "mesh": 39
    },
    {
      "matrix": [
        2.5115715789845053e-16,
        5.551115123125783e-17,
        -0.9999999999999998,
        0,
        -0.9999999999999998,
        2.377923208388437e-16,
        -1.0662980972939776e-16,
        0,
        6.132933408308317e-17,
        0.9999999999999998,
        2.220446049250313e-16,
        0,
        -220.4331254821842,
        -60.94089246102963,
        -122.80811658135457,
        0.9999999999999996
      ],
      "name": "Shape 10",
      "mesh": 40
    },
    {
      "matrix": [
        2.5115715789845053e-16,
        5.551115123125783e-17,
        -0.9999999999999998,
        0,
        -0.9999999999999998,
        2.377923208388437e-16,
        -1.0662980972939776e-16,
        0,
        6.132933408308317e-17,
        0.9999999999999998,
        2.220446049250313e-16,
        0,
        -209.1112417070363,
        -133.6288732499842,
        -155.5707520464476,
        0.9999999999999996
      ],
      "name": "Shape",
      "mesh": 41
    },
    {
      "matrix": [
        3.1887381538932903e-16,
        1.6653345369377346e-16,
        -0.9999999999999997,
        0,
        -0.9999999999999998,
        -8.826550856831025e-18,
        -2.5935422832655563e-16,
        0,
        -8.289180334808321e-19,
        1,
        2.775557561562891e-16,
        0,
        -288.34753635301695,
        34.851267284725246,
        -130.48631852020227,
        1
      ],
      "name": "Cube",
      "mesh": 42
    },
    {
      "matrix": [
        1,
        0,
        0,
        0,
        0,
        1,
        0,
        0,
        0,
        0,
        1,
        0,
        -4.063350483670348,
        -24.685242981901794,
        114.021888170811,
        1
      ],
      "name": "river",
      "children": [
        49,
        50,
        51,
        52,
        53,
        54,
        55,
        56
      ]
    },
    {
      "matrix": [
        1,
        0,
        0,
        0,
        0,
        1,
        0,
        0,
        0,
        0,
        1,
        0,
        100.29542717369154,
        -0.3682617232662011,
        -66.93035507969466,
        1
      ],
      "name": "Merged Geometry 5",
      "mesh": 43
    },
    {
      "matrix": [
        1,
        0,
        0,
        0,
        0,
        1,
        0,
        0,
        0,
        0,
        1,
        0,
        1.6539983622304533,
        0,
        11.862581172095133,
        1
      ],
      "name": "Merged Geometry 2",
      "mesh": 44
    },
    {
      "matrix": [
        1,
        0,
        0,
        0,
        0,
        1,
        0,
        0,
        0,
        0,
        1,
        0,
        0,
        -0.3682617232661869,
        -1.4210854715202004e-14,
        1
      ],
      "name": "Merged Geometry 3",
      "mesh": 45
    },
    {
      "matrix": [
        1,
        0,
        0,
        0,
        0,
        1,
        0,
        0,
        0,
        0,
        1,
        0,
        2.8099790601385735,
        -74.35262821081803,
        121.25591937716723,
        1
      ],
      "name": "cube-grass",
      "children": [
        58,
        59,
        60
      ]
    },
    {
      "matrix": [
        -0.88408406318452,
        1.459234715570529e-16,
        0.46732790332180085,
        0,
        -0.46732790332180074,
        -3.772925211299815e-16,
        -0.8840840631845198,
        0,
        3.880224364979722e-18,
        -1,
        0,
        0,
        -53.91314471451144,
        0.351219750870094,
        50.56670943429466,
        0.9999999999999999
      ],
      "name": "Cylinder 7",
      "mesh": 46
    },
    {
      "matrix": [
        -0.8660254037844384,
        -2.6174789149413983e-16,
        -0.5000000000000001,
        0,
        0.5000000000000002,
        -4.117605302439782e-17,
        -0.866025403784438,
        0,
        1.0732874809409972e-16,
        -0.9999999999999999,
        2.77555756156289e-16,
        0,
        -48.4267446902597,
        0.35121975087003326,
        -50.960308157334,
        0.9999999999999998
      ],
      "name": "Cylinder 6",
      "mesh": 47
    },
    {
      "matrix": [
        0.42979967769376265,
        4.0634363051552634e-17,
        0.6138175529967503,
        0,
        -0.6138175529967504,
        1.3738316304551528e-18,
        0.4297996776937628,
        0,
        4.2106024143765267e-17,
        -0.7493328708341717,
        8.319266063085658e-17,
        0,
        6.572502557562179,
        -2.1463272399752924,
        3.0498735288728938,
        1
      ],
      "name": "Cylinder",
      "mesh": 48
    },
    {
      "matrix": [
        -0.18096432789383007,
        0.025087160755644076,
        0.06001994979979431,
        0,
        -0.06502320132288827,
        -0.07503461112684681,
        -0.16468648518195037,
        0,
        0.001934760572506949,
        -0.17527204419724762,
        0.07909371152793232,
        0,
        3.662871602837524,
        4.517826999498795,
        -10.486536062180438,
        0.9999999999999994
      ],
      "name": " log 2",
      "mesh": 49
    },
    {
      "matrix": [
        -0.013870854083386392,
        0.03638936629348591,
        0.1883169174731014,
        0,
        -0.1578026875242715,
        -0.1094864183900201,
        0.009533308820209063,
        0,
        0.10902182898820462,
        -0.15384533203091533,
        0.03775847713007973,
        0,
        -7.895630691803123,
        4.8182801568474645,
        -1.5868557350110426,
        0.9999999999999994
      ],
      "name": " log",
      "mesh": 50
    },
    {
      "matrix": [
        1,
        0,
        0,
        0,
        0,
        1,
        0,
        0,
        0,
        0,
        1,
        0,
        28.92841750227829,
        -1.079176186617957,
        14.881348459988182,
        1
      ],
      "name": "Group 3",
      "children": [
        64,
        65,
        66
      ]
    },
    {
      "matrix": [
        1,
        0,
        0,
        0,
        0,
        1,
        0,
        0,
        0,
        0,
        1,
        0,
        -11.47022178321263,
        -68.26418920228251,
        46.873930296794285,
        1
      ],
      "name": "log and stone",
      "children": [
        62,
        63,
        67
      ]
    },
    {
      "matrix": [
        2.637467210596739e-16,
        5.5511151231257815e-17,
        -0.9999999999999998,
        0,
        -0.9999999999999998,
        2.6554789645447263e-16,
        -5.111865849813995e-17,
        0,
        5.869246007624864e-17,
        0.9999999999999998,
        2.220446049250313e-16,
        0,
        -29.17121116683759,
        -52.597137884948374,
        -171.8341149629729,
        0.9999999999999998
      ],
      "name": "Shape 4",
      "mesh": 51
    },
    {
      "matrix": [
        0.22863137179496307,
        -1.3306907801840505e-15,
        -0.9735130691629944,
        0,
        -0.9735130691629944,
        -4.572344027681905e-16,
        -0.22863137179496298,
        0,
        -6.681394202680064e-17,
        1,
        -1.3322676295501878e-15,
        0,
        -229.12057451117846,
        75.32159971356555,
        -190.9763747763016,
        1
      ],
      "name": "Shape 7",
      "mesh": 52
    },
    {
      "matrix": [
        0.22863137179496307,
        -1.3306907801840505e-15,
        -0.9735130691629944,
        0,
        -0.9735130691629944,
        -4.572344027681905e-16,
        -0.22863137179496298,
        0,
        -6.681394202680064e-17,
        1,
        -1.3322676295501878e-15,
        0,
        -321.70480388407134,
        -0.717463881614807,
        214.397944772468,
        1
      ],
      "name": "Shape 6",
      "mesh": 53
    },
    {
      "matrix": [
        0.22863137179496307,
        -1.3306907801840505e-15,
        -0.9735130691629944,
        0,
        -0.9735130691629944,
        -4.572344027681905e-16,
        -0.22863137179496298,
        0,
        -6.681394202680064e-17,
        1,
        -1.3322676295501878e-15,
        0,
        -229.12057451117846,
        -52.89071636843897,
        -190.9763747763016,
        1
      ],
      "name": "Shape 7",
      "mesh": 54
    },
    {
      "matrix": [
        0.22863137179496307,
        -1.3306907801840505e-15,
        -0.9735130691629944,
        0,
        -0.9735130691629944,
        -4.572344027681905e-16,
        -0.22863137179496298,
        0,
        -6.681394202680064e-17,
        1,
        -1.3322676295501878e-15,
        0,
        -321.7048038840713,
        -52.89071636843893,
        214.39794477246798,
        1
      ],
      "name": "Shape 5",
      "mesh": 55
    },
    {
      "matrix": [
        2.637467210596739e-16,
        5.5511151231257815e-17,
        -0.9999999999999998,
        0,
        -0.9999999999999998,
        2.6554789645447263e-16,
        -5.111865849813995e-17,
        0,
        5.869246007624864e-17,
        0.9999999999999998,
        2.220446049250313e-16,
        0,
        -351.23790381657295,
        126.15551237734002,
        135.67848025907807,
        0.9999999999999998
      ],
      "name": "Shape 9",
      "mesh": 56
    },
    {
      "matrix": [
        2.637467210596739e-16,
        5.5511151231257815e-17,
        -0.9999999999999998,
        0,
        -0.9999999999999998,
        2.6554789645447263e-16,
        -5.111865849813995e-17,
        0,
        5.869246007624864e-17,
        0.9999999999999998,
        2.220446049250313e-16,
        0,
        -351.23790381657295,
        126.15551237734002,
        135.67848025907807,
        0.9999999999999998
      ],
      "name": "Shape 8",
      "mesh": 57
    },
    {
      "matrix": [
        2.637467210596739e-16,
        5.5511151231257815e-17,
        -0.9999999999999998,
        0,
        -0.9999999999999998,
        2.6554789645447263e-16,
        -5.111865849813995e-17,
        0,
        5.869246007624864e-17,
        0.9999999999999998,
        2.220446049250313e-16,
        0,
        -351.2379038165729,
        -135.15550547642087,
        135.6784802590781,
        0.9999999999999998
      ],
      "name": "Shape 2",
      "mesh": 58
    },
    {
      "matrix": [
        2.220446049250313e-16,
        0,
        -1,
        0,
        -1.0000000000000002,
        2.2204460492503136e-16,
        -2.2204460492503136e-16,
        0,
        2.2204460492503136e-16,
        1.0000000000000002,
        4.930380657631325e-32,
        0,
        76.88414711087438,
        -72.15065725255398,
        353.6727715368097,
        1
      ],
      "name": "grass-ground",
      "mesh": 59
    },
    {
      "matrix": [
        1,
        0,
        0,
        0,
        0,
        1,
        0,
        0,
        0,
        0,
        1,
        0,
        0.5909094336869032,
        -103.6657441244925,
        0.3452505221049478,
        1
      ],
      "name": "earth-ground",
      "mesh": 60
    },
    {
      "matrix": [
        1,
        0,
        0,
        0,
        0,
        1,
        0,
        0,
        0,
        0,
        1,
        0,
        -7.9635276281390475,
        -23.15860463996244,
        35.00602995499611,
        1
      ],
      "name": "base-ground mountain",
      "children": [
        69,
        70,
        71,
        72,
        73,
        74,
        75,
        76,
        77,
        78
      ]
    },
    {
      "matrix": [
        -0.9187928376027091,
        7.361726024689008e-17,
        5.061709007858358e-18,
        0,
        1.2001433571725776e-16,
        0.9088190526059421,
        0.13501188114561058,
        0,
        -5.044959187105691e-17,
        0.13501188114561039,
        -0.9088190526059422,
        0,
        0.691073420887649,
        42.301989363943726,
        -40.118429200452105,
        0.9999999999999999
      ],
      "name": "Shape 12",
      "mesh": 61
    },
    {
      "matrix": [
        0.9187928376027092,
        0,
        0,
        0,
        0,
        0.9048545303168851,
        -0.15943198360130933,
        0,
        0,
        0.15943198360130942,
        0.9048545303168849,
        0,
        5.664362523123117,
        -40.81011923319063,
        57.224293302132594,
        1
      ],
      "name": "Shape 11",
      "mesh": 62
    },
    {
      "matrix": [
        0.9187928376027092,
        0,
        0,
        0,
        0,
        0.9187928376027094,
        0,
        0,
        0,
        0,
        0.9187928376027092,
        0,
        0.2512795257340201,
        45.37946744670689,
        0.2458124590714448,
        1
      ],
      "name": "Cube 2",
      "mesh": 63
    },
    {
      "matrix": [
        0.9396926207859093,
        3.52930902839077e-17,
        -0.3420201433256687,
        0,
        0.000004543704833060677,
        0.9999999999117556,
        0.000012483726429451718,
        0,
        0.3420201432954874,
        -0.000013284904183879756,
        0.9396926207029862,
        0,
        -0.21059164840450956,
        40.2370130757549,
        -50.342307842301,
        1.0000000000000002
      ],
      "name": "Shape 5",
      "mesh": 64
    },
    {
      "matrix": [
        -0.9396926207859079,
        1.5681199577978727e-16,
        -0.3420201433256691,
        0,
        0.000004543704833088115,
        0.9999999999117554,
        -0.000012483726429117467,
        0,
        0.34202014329548786,
        -0.000013284904183593827,
        -0.9396926207029858,
        0,
        -0.21059164840445985,
        40.237013075754874,
        -51.42888395410142,
        1
      ],
      "name": "Shape 4",
      "mesh": 65
    },
    {
      "matrix": [
        -0.9396926207859091,
        1.0639454782509147e-16,
        0.34202014332566877,
        0,
        -0.000004543704832894144,
        0.9999999999117557,
        -0.000012483726429354572,
        0,
        -0.34202014329548747,
        -0.000013284904183750503,
        -0.9396926207029862,
        0,
        -0.5038642695036677,
        40.237013075754895,
        41.31406180186406,
        1
      ],
      "name": "Shape 5",
      "mesh": 66
    },
    {
      "matrix": [
        0.939692620785908,
        -3.621153818750361e-20,
        0.3420201433256689,
        0,
        -0.000004543704832965597,
        0.9999999999117554,
        0.000012483726429239924,
        0,
        -0.34202014329548763,
        -0.000013284904183667031,
        0.9396926207029856,
        0,
        -0.503864269503666,
        40.237013075754895,
        42.40063791366459,
        1
      ],
      "name": "Shape 4",
      "mesh": 67
    },
    {
      "matrix": [
        1,
        0,
        0,
        0,
        0,
        1,
        0,
        0,
        0,
        0,
        1,
        0,
        0.8118495972830857,
        4.223598749180411,
        4.8595523643734,
        1
      ],
      "name": "Group 2",
      "children": [
        83,
        84,
        85,
        86
      ]
    },
    {
      "matrix": [
        0.40888101094843615,
        -4.979285801340474e-34,
        4.5394911268696465e-17,
        0,
        2.5512474072695632e-17,
        -0.000006106189640257321,
        -0.4595918749083658,
        0,
        -3.015522458843953e-22,
        0.40890639412948354,
        0.000005432282328777045,
        0,
        -0.22427454154583867,
        -43.36829796961835,
        0.8009113966358044,
        0.9999999999999997
      ],
      "name": "Rectangle 2",
      "mesh": 68
    },
    {
      "matrix": [
        0.1088524294491638,
        -0.06689883793764108,
        0.42299140499859444,
        0,
        -0.1328998148475332,
        0.4127598920176022,
        0.10298907613284784,
        0,
        -0.3997318707695289,
        -0.14889561774785845,
        0.07583646473581099,
        0,
        -69.61937400467228,
        -37.88267568658387,
        71.99404151608678,
        1
      ],
      "name": "Cylinder 5",
      "mesh": 69
    },
    {
      "matrix": [
        0.11020204689970567,
        0.15246143412436178,
        0.39929147880975807,
        0,
        -0.13295697234666715,
        0.408404541179639,
        -0.1155210066905018,
        0,
        -0.40128394548560203,
        -0.09016861881235906,
        0.14046548644123838,
        0,
        -69.61937400467231,
        -37.89091645149721,
